
设计逻辑


npc摆放、怪物放置(有触发器来触发)
属性包括 位置、名字、id属性

放置固定物品对象

navemesh 烘培出导航网格


导出寻路网格
导出npc、怪物信息、触发物、物品信息、导航点

导出一个固定的格式，用来解析的文件


寻路网格的样式


{
	"name": "Map1",
	"uid": "123456",
	"blocks": [	1,1,1,1,1,1,1,1
				0,0,0,1,1,1,1,1
				1,1,0,0,0,1,1,1
				1,1,0,0,0,1,1,1
				1,1,0,0,0,1,1,1
				1,1,0,0,0,0,1,1
				1,1,0,0,0,1,1,1
				1,1,0,0,0,1,1,1]
	
}

{
	"name":"Map1",
	"npc":[	{"id": 10000, "pos": {"x": 20, "y": 25}},
			{"id": 10001, "pos": {"x": 25, "y": 25}},
			{"id": 10002, "pos": {"x": 30, "y": 21}},
			{"id": 10003, "pos": {"x": 20, "y": 22}}
		]
}

{
	"name":"Map1",
	"trigger":[	
				
		]

}



1,1,1,1,1,1,1,1
0,0,0,1,1,1,1,1
1,1,0,0,0,1,1,1
1,1,0,0,0,1,1,1
1,1,0,0,0,1,1,1
1,1,0,0,0,0,1,1
1,1,0,0,0,1,1,1
1,1,0,0,0,1,1,1


